195 144 131 166 132 131 142 142 167 139 126 129 131 136 132 130 127 143 148 149 131 128 129 131 132 130 128 145 144 131 126 127 129 127 128 184 163 152 151 155 158 152 168 135 132 134 133 135 134 135 132 134 130 134 133 139 133 123 133 130 133 136 131 133 133 138 131 132 136 127 128 127 152 160 157 164 147 128 127 128 130 129 129 129 128 133 130 130 126 132 


42 29 17 19 24 19 16 16 16 23 21 19 23 29 32 36 41 34 32 34 43 43 40 38 44 41 47 45 51 51 62 63 59 61 55 59 55 51 60 68 63 68 67 63 69 76 75 88 86 88 84 94 76 79 87 91 87 86 88 90 87 93 98 125 124 113 105 106 118 109 106 115 116 119 121 143 154 164 179 119 123 121 127 125 120 125 166 146 137 138 


43 35 20 22 27 17 16 19 17 29 21 24 29 30 32 35 42 31 30 31 33 34 41 35 37 39 43 39 51 49 53 68 48 47 53 50 53 53 61 58 59 63 63 69 74 70 73 75 86 94 96 100 83 85 76 80 79 94 94 94 88 89 105 124 112 91 110 102 116 118 111 120 121 128 124 135 138 128 132 132 147 133 135 136 129 123 131 132 137 133 
25 23 19 16 18 18 23 21 22 23 26 26 27 30 26 26 35 29 30 31 36 35 37 36 41 37 44 41 46 44 50 46 51 50 51 48 54 54 60 73 80 78 83 74 68 69 68 74 94 106 115 112 125 104 98 83 84 83 83 91 91 92 98 100 94 98 95 96 97 98 102 101 102 107 104 107 116 116 113 128 150 144 147 124 119 126 127 126 125 127 
27 22 18 14 17 17 21 17 18 20 22 22 29 24 24 30 26 28 31 33 32 35 41 38 37 41 40 43 45 48 49 50 49 56 53 58 54 60 72 78 72 73 87 83 87 89 89 93 97 98 89 84 79 79 80 79 82 104 109 107 108 103 92 92 95 97 100 98 102 100 98 103 105 106 107 107 107 107 111 123 117 121 124 123 121 121 123 124 128 130 

257 192 190 134 148 157 186 139 136 161 138 135 127 147 151 149 135 130 131 134 129 146 149 152 158 150 169 184 184 184 170 150 150 146 155 156 164 146 142 135 133 158 163 145 134 160 139 136 129 131 130 139 171 150 142 179 140 144 143 140 137 133 172 175 172 151 169 156 181 301 324 394 520 607 673 763 974 1053 1146 1266 1448 1589 1816 1959 2225 2373 2596 2863 3288 3428 

48 32 22 23 26 18 21 18 17 27 19 21 24 24 30 32 38 28 32 35 37 36 48 43 44 43 47 47 63 62 68 74 49 61 60 61 65 68 60 64 65 69 65 65 66 68 73 77 82 84 84 91 81 75 82 79 84 81 86 87 92 87 92 91 93 91 96 95 101 114 104 116 116 119 119 147 121 124 139 112 113 114 118 125 120 119 126 122 124 126 
15 10 11 13 19 17 14 15 20 18 18 22 23 22 22 24 33 27 29 32 31 37 34 37 36 45 39 43 40 45 44 50 47 51 53 55 53 56 57 58 59 58 63 64 72 64 67 70 71 83 82 86 88 90 84 81 80 87 99 100 87 87 88 91 96 92 93 96 95 98 99 100 100 101 101 105 104 103 110 112 112 114 115 116 117 120 121 119 121 140 
15 15 20 19 21 21 22 21 23 23 23 28 30 30 30 34 34 37 39 41 43 44 44 46 51 44 54 58 56 53 46 49 47 50 50 56 54 57 58 60 61 63 65 67 70 74 73 77 70 79 94 99 101 90 101 100 108 93 90 84 87 86 91 107 96 94 103 137 127 129 127 133 117 110 104 106 107 100 108 111 110 111 114 114 116 116 125 121 119 131 